%YAML:1.0
---
camera_matrix: !!opencv-matrix
   rows: 3
   cols: 3
   dt: d
   data: [ 1338.029184656559, 0., 986.43986555188962, 0.,
       1338.029184656559, 587.63664127513982, 0., 0., 1. ]
dist_coefficients: !!opencv-matrix
   rows: 1
   cols: 5
   dt: d
   data: [ -0.25184726576253563, 2.0320380588640821,
       0.012221221497898822, 0.00068348991653675319, -4.5030998519090675 ]
